(kicad_pcb (version 20171130) (host pcbnew 5.1.6+dfsg1-1~bpo10+1)

  (general
    (thickness 1.6)
    (drawings 7)
    (tracks 138)
    (zones 0)
    (modules 14)
    (nets 13)
  )

  (page A4)
  (layers
    (0 F.Cu signal)
    (31 B.Cu signal)
    (32 B.Adhes user)
    (33 F.Adhes user)
    (34 B.Paste user)
    (35 F.Paste user)
    (36 B.SilkS user)
    (37 F.SilkS user)
    (38 B.Mask user)
    (39 F.Mask user)
    (40 Dwgs.User user)
    (41 Cmts.User user)
    (42 Eco1.User user)
    (43 Eco2.User user)
    (44 Edge.Cuts user)
    (45 Margin user)
    (46 B.CrtYd user)
    (47 F.CrtYd user)
    (48 B.Fab user)
    (49 F.Fab user)
  )

  (setup
    (last_trace_width 0.25)
    (trace_clearance 0.2)
    (zone_clearance 0.508)
    (zone_45_only no)
    (trace_min 0.2)
    (via_size 0.8)
    (via_drill 0.4)
    (via_min_size 0.4)
    (via_min_drill 0.3)
    (uvia_size 0.3)
    (uvia_drill 0.1)
    (uvias_allowed no)
    (uvia_min_size 0.2)
    (uvia_min_drill 0.1)
    (edge_width 0.15)
    (segment_width 0.2)
    (pcb_text_width 0.3)
    (pcb_text_size 1.5 1.5)
    (mod_edge_width 0.15)
    (mod_text_size 1 1)
    (mod_text_width 0.15)
    (pad_size 1.524 1.524)
    (pad_drill 0.762)
    (pad_to_mask_clearance 0.051)
    (solder_mask_min_width 0.25)
    (aux_axis_origin 149.86 97.155)
    (grid_origin 149.86 97.155)
    (visible_elements FFFFFF7F)
    (pcbplotparams
      (layerselection 0x010fc_ffffffff)
      (usegerberextensions false)
      (usegerberattributes false)
      (usegerberadvancedattributes false)
      (creategerberjobfile false)
      (excludeedgelayer true)
      (linewidth 0.100000)
      (plotframeref false)
      (viasonmask false)
      (mode 1)
      (useauxorigin false)
      (hpglpennumber 1)
      (hpglpenspeed 20)
      (hpglpendiameter 15.000000)
      (psnegative false)
      (psa4output false)
      (plotreference true)
      (plotvalue true)
      (plotinvisibletext false)
      (padsonsilk false)
      (subtractmaskfromsilk false)
      (outputformat 1)
      (mirror false)
      (drillshape 0)
      (scaleselection 1)
      (outputdirectory ""))
  )

  (net 0 "")
  (net 1 "Net-(C1-Pad1)")
  (net 2 GND)
  (net 3 "Net-(C2-Pad1)")
  (net 4 "Net-(C3-Pad1)")
  (net 5 "Net-(C4-Pad1)")
  (net 6 "Net-(C5-Pad1)")
  (net 7 "Net-(C6-Pad1)")
  (net 8 "Net-(L1-Pad2)")
  (net 9 "Net-(RV1-Pad2)")
  (net 10 "Net-(U1-Pad11)")
  (net 11 "Net-(J1-Pad2)")
  (net 12 "Net-(J1-Pad3)")

  (net_class Default "This is the default net class."
    (clearance 0.2)
    (trace_width 0.25)
    (via_dia 0.8)
    (via_drill 0.4)
    (uvia_dia 0.3)
    (uvia_drill 0.1)
    (add_net GND)
    (add_net "Net-(C1-Pad1)")
    (add_net "Net-(C2-Pad1)")
    (add_net "Net-(C3-Pad1)")
    (add_net "Net-(C4-Pad1)")
    (add_net "Net-(C5-Pad1)")
    (add_net "Net-(C6-Pad1)")
    (add_net "Net-(J1-Pad2)")
    (add_net "Net-(J1-Pad3)")
    (add_net "Net-(L1-Pad2)")
    (add_net "Net-(RV1-Pad2)")
    (add_net "Net-(U1-Pad11)")
  )

  (module Resistor_SMD:R_0805_2012Metric (layer F.Cu) (tedit 5B36C52B) (tstamp 5D4413E6)
    (at 161.29 91.44 90)
    (descr "Resistor SMD 0805 (2012 Metric), square (rectangular) end terminal, IPC_7351 nominal, (Body size source: https://docs.google.com/spreadsheets/d/1BsfQQcO9C6DZCsRaXUlFlo91Tg2WpOkGARC1WS5S8t0/edit?usp=sharing), generated with kicad-footprint-generator")
    (tags resistor)
    (path /5C900CC5)
    (attr smd)
    (fp_text reference R1 (at 2.54 0 180) (layer F.SilkS)
      (effects (font (size 1 1) (thickness 0.15)))
    )
    (fp_text value 1k (at 0 1.65 90) (layer F.Fab)
      (effects (font (size 1 1) (thickness 0.15)))
    )
    (fp_line (start -1 0.6) (end -1 -0.6) (layer F.Fab) (width 0.1))
    (fp_line (start -1 -0.6) (end 1 -0.6) (layer F.Fab) (width 0.1))
    (fp_line (start 1 -0.6) (end 1 0.6) (layer F.Fab) (width 0.1))
    (fp_line (start 1 0.6) (end -1 0.6) (layer F.Fab) (width 0.1))
    (fp_line (start -0.258578 -0.71) (end 0.258578 -0.71) (layer F.SilkS) (width 0.12))
    (fp_line (start -0.258578 0.71) (end 0.258578 0.71) (layer F.SilkS) (width 0.12))
    (fp_line (start -1.68 0.95) (end -1.68 -0.95) (layer F.CrtYd) (width 0.05))
    (fp_line (start -1.68 -0.95) (end 1.68 -0.95) (layer F.CrtYd) (width 0.05))
    (fp_line (start 1.68 -0.95) (end 1.68 0.95) (layer F.CrtYd) (width 0.05))
    (fp_line (start 1.68 0.95) (end -1.68 0.95) (layer F.CrtYd) (width 0.05))
    (fp_text user %R (at 0 0 90) (layer F.Fab)
      (effects (font (size 0.5 0.5) (thickness 0.08)))
    )
    (pad 2 smd roundrect (at 0.9375 0 90) (size 0.975 1.4) (layers F.Cu F.Paste F.Mask) (roundrect_rratio 0.25)
      (net 6 "Net-(C5-Pad1)"))
    (pad 1 smd roundrect (at -0.9375 0 90) (size 0.975 1.4) (layers F.Cu F.Paste F.Mask) (roundrect_rratio 0.25)
      (net 7 "Net-(C6-Pad1)"))
    (model ${KISYS3DMOD}/Resistor_SMD.3dshapes/R_0805_2012Metric.wrl
      (at (xyz 0 0 0))
      (scale (xyz 1 1 1))
      (rotate (xyz 0 0 0))
    )
  )

  (module Capacitor_SMD:C_0603_1608Metric (layer B.Cu) (tedit 5B301BBE) (tstamp 5D441326)
    (at 153.783747 87.496125 90)
    (descr "Capacitor SMD 0603 (1608 Metric), square (rectangular) end terminal, IPC_7351 nominal, (Body size source: http://www.tortai-tech.com/upload/download/2011102023233369053.pdf), generated with kicad-footprint-generator")
    (tags capacitor)
    (path /5C90066F)
    (attr smd)
    (fp_text reference C1 (at 0.501125 -2.018747 180) (layer B.SilkS)
      (effects (font (size 1 1) (thickness 0.15)) (justify mirror))
    )
    (fp_text value 0.1µ (at 0 -1.43 90) (layer B.Fab)
      (effects (font (size 1 1) (thickness 0.15)) (justify mirror))
    )
    (fp_line (start 1.48 -0.73) (end -1.48 -0.73) (layer B.CrtYd) (width 0.05))
    (fp_line (start 1.48 0.73) (end 1.48 -0.73) (layer B.CrtYd) (width 0.05))
    (fp_line (start -1.48 0.73) (end 1.48 0.73) (layer B.CrtYd) (width 0.05))
    (fp_line (start -1.48 -0.73) (end -1.48 0.73) (layer B.CrtYd) (width 0.05))
    (fp_line (start -0.162779 -0.51) (end 0.162779 -0.51) (layer B.SilkS) (width 0.12))
    (fp_line (start -0.162779 0.51) (end 0.162779 0.51) (layer B.SilkS) (width 0.12))
    (fp_line (start 0.8 -0.4) (end -0.8 -0.4) (layer B.Fab) (width 0.1))
    (fp_line (start 0.8 0.4) (end 0.8 -0.4) (layer B.Fab) (width 0.1))
    (fp_line (start -0.8 0.4) (end 0.8 0.4) (layer B.Fab) (width 0.1))
    (fp_line (start -0.8 -0.4) (end -0.8 0.4) (layer B.Fab) (width 0.1))
    (fp_text user %R (at 0 0 90) (layer B.Fab)
      (effects (font (size 0.4 0.4) (thickness 0.06)) (justify mirror))
    )
    (pad 1 smd roundrect (at -0.7875 0 90) (size 0.875 0.95) (layers B.Cu B.Paste B.Mask) (roundrect_rratio 0.25)
      (net 1 "Net-(C1-Pad1)"))
    (pad 2 smd roundrect (at 0.7875 0 90) (size 0.875 0.95) (layers B.Cu B.Paste B.Mask) (roundrect_rratio 0.25)
      (net 2 GND))
    (model ${KISYS3DMOD}/Capacitor_SMD.3dshapes/C_0603_1608Metric.wrl
      (at (xyz 0 0 0))
      (scale (xyz 1 1 1))
      (rotate (xyz 0 0 0))
    )
  )

  (module Capacitor_SMD:C_0603_1608Metric (layer B.Cu) (tedit 5B301BBE) (tstamp 5D441337)
    (at 156.476247 86.073625 180)
    (descr "Capacitor SMD 0603 (1608 Metric), square (rectangular) end terminal, IPC_7351 nominal, (Body size source: http://www.tortai-tech.com/upload/download/2011102023233369053.pdf), generated with kicad-footprint-generator")
    (tags capacitor)
    (path /5C9006AF)
    (attr smd)
    (fp_text reference C2 (at -2.908753 -0.286375 180) (layer B.SilkS)
      (effects (font (size 1 1) (thickness 0.15)) (justify mirror))
    )
    (fp_text value 330p (at 0 -1.43 180) (layer B.Fab)
      (effects (font (size 1 1) (thickness 0.15)) (justify mirror))
    )
    (fp_line (start -0.8 -0.4) (end -0.8 0.4) (layer B.Fab) (width 0.1))
    (fp_line (start -0.8 0.4) (end 0.8 0.4) (layer B.Fab) (width 0.1))
    (fp_line (start 0.8 0.4) (end 0.8 -0.4) (layer B.Fab) (width 0.1))
    (fp_line (start 0.8 -0.4) (end -0.8 -0.4) (layer B.Fab) (width 0.1))
    (fp_line (start -0.162779 0.51) (end 0.162779 0.51) (layer B.SilkS) (width 0.12))
    (fp_line (start -0.162779 -0.51) (end 0.162779 -0.51) (layer B.SilkS) (width 0.12))
    (fp_line (start -1.48 -0.73) (end -1.48 0.73) (layer B.CrtYd) (width 0.05))
    (fp_line (start -1.48 0.73) (end 1.48 0.73) (layer B.CrtYd) (width 0.05))
    (fp_line (start 1.48 0.73) (end 1.48 -0.73) (layer B.CrtYd) (width 0.05))
    (fp_line (start 1.48 -0.73) (end -1.48 -0.73) (layer B.CrtYd) (width 0.05))
    (fp_text user %R (at 0 0 180) (layer B.Fab)
      (effects (font (size 0.4 0.4) (thickness 0.06)) (justify mirror))
    )
    (pad 2 smd roundrect (at 0.7875 0 180) (size 0.875 0.95) (layers B.Cu B.Paste B.Mask) (roundrect_rratio 0.25)
      (net 2 GND))
    (pad 1 smd roundrect (at -0.7875 0 180) (size 0.875 0.95) (layers B.Cu B.Paste B.Mask) (roundrect_rratio 0.25)
      (net 3 "Net-(C2-Pad1)"))
    (model ${KISYS3DMOD}/Capacitor_SMD.3dshapes/C_0603_1608Metric.wrl
      (at (xyz 0 0 0))
      (scale (xyz 1 1 1))
      (rotate (xyz 0 0 0))
    )
  )

  (module Capacitor_SMD:C_0603_1608Metric (layer B.Cu) (tedit 5B301BBE) (tstamp 5D441348)
    (at 156.476247 87.978625 180)
    (descr "Capacitor SMD 0603 (1608 Metric), square (rectangular) end terminal, IPC_7351 nominal, (Body size source: http://www.tortai-tech.com/upload/download/2011102023233369053.pdf), generated with kicad-footprint-generator")
    (tags capacitor)
    (path /5C9008FF)
    (attr smd)
    (fp_text reference C3 (at -2.908753 -0.286375 180) (layer B.SilkS)
      (effects (font (size 1 1) (thickness 0.15)) (justify mirror))
    )
    (fp_text value 330p (at 0 -1.43 180) (layer B.Fab)
      (effects (font (size 1 1) (thickness 0.15)) (justify mirror))
    )
    (fp_line (start 1.48 -0.73) (end -1.48 -0.73) (layer B.CrtYd) (width 0.05))
    (fp_line (start 1.48 0.73) (end 1.48 -0.73) (layer B.CrtYd) (width 0.05))
    (fp_line (start -1.48 0.73) (end 1.48 0.73) (layer B.CrtYd) (width 0.05))
    (fp_line (start -1.48 -0.73) (end -1.48 0.73) (layer B.CrtYd) (width 0.05))
    (fp_line (start -0.162779 -0.51) (end 0.162779 -0.51) (layer B.SilkS) (width 0.12))
    (fp_line (start -0.162779 0.51) (end 0.162779 0.51) (layer B.SilkS) (width 0.12))
    (fp_line (start 0.8 -0.4) (end -0.8 -0.4) (layer B.Fab) (width 0.1))
    (fp_line (start 0.8 0.4) (end 0.8 -0.4) (layer B.Fab) (width 0.1))
    (fp_line (start -0.8 0.4) (end 0.8 0.4) (layer B.Fab) (width 0.1))
    (fp_line (start -0.8 -0.4) (end -0.8 0.4) (layer B.Fab) (width 0.1))
    (fp_text user %R (at 0 0 180) (layer B.Fab)
      (effects (font (size 0.4 0.4) (thickness 0.06)) (justify mirror))
    )
    (pad 1 smd roundrect (at -0.7875 0 180) (size 0.875 0.95) (layers B.Cu B.Paste B.Mask) (roundrect_rratio 0.25)
      (net 4 "Net-(C3-Pad1)"))
    (pad 2 smd roundrect (at 0.7875 0 180) (size 0.875 0.95) (layers B.Cu B.Paste B.Mask) (roundrect_rratio 0.25)
      (net 2 GND))
    (model ${KISYS3DMOD}/Capacitor_SMD.3dshapes/C_0603_1608Metric.wrl
      (at (xyz 0 0 0))
      (scale (xyz 1 1 1))
      (rotate (xyz 0 0 0))
    )
  )

  (module Capacitor_SMD:C_0603_1608Metric (layer F.Cu) (tedit 5B301BBE) (tstamp 5D441359)
    (at 156.476247 87.978625)
    (descr "Capacitor SMD 0603 (1608 Metric), square (rectangular) end terminal, IPC_7351 nominal, (Body size source: http://www.tortai-tech.com/upload/download/2011102023233369053.pdf), generated with kicad-footprint-generator")
    (tags capacitor)
    (path /5C900999)
    (attr smd)
    (fp_text reference C4 (at 2.273753 -0.348625) (layer F.SilkS)
      (effects (font (size 1 1) (thickness 0.15)))
    )
    (fp_text value 0.1µ (at 0 1.43) (layer F.Fab)
      (effects (font (size 1 1) (thickness 0.15)))
    )
    (fp_line (start -0.8 0.4) (end -0.8 -0.4) (layer F.Fab) (width 0.1))
    (fp_line (start -0.8 -0.4) (end 0.8 -0.4) (layer F.Fab) (width 0.1))
    (fp_line (start 0.8 -0.4) (end 0.8 0.4) (layer F.Fab) (width 0.1))
    (fp_line (start 0.8 0.4) (end -0.8 0.4) (layer F.Fab) (width 0.1))
    (fp_line (start -0.162779 -0.51) (end 0.162779 -0.51) (layer F.SilkS) (width 0.12))
    (fp_line (start -0.162779 0.51) (end 0.162779 0.51) (layer F.SilkS) (width 0.12))
    (fp_line (start -1.48 0.73) (end -1.48 -0.73) (layer F.CrtYd) (width 0.05))
    (fp_line (start -1.48 -0.73) (end 1.48 -0.73) (layer F.CrtYd) (width 0.05))
    (fp_line (start 1.48 -0.73) (end 1.48 0.73) (layer F.CrtYd) (width 0.05))
    (fp_line (start 1.48 0.73) (end -1.48 0.73) (layer F.CrtYd) (width 0.05))
    (fp_text user %R (at 0 0) (layer F.Fab)
      (effects (font (size 0.4 0.4) (thickness 0.06)))
    )
    (pad 2 smd roundrect (at 0.7875 0) (size 0.875 0.95) (layers F.Cu F.Paste F.Mask) (roundrect_rratio 0.25)
      (net 4 "Net-(C3-Pad1)"))
    (pad 1 smd roundrect (at -0.7875 0) (size 0.875 0.95) (layers F.Cu F.Paste F.Mask) (roundrect_rratio 0.25)
      (net 5 "Net-(C4-Pad1)"))
    (model ${KISYS3DMOD}/Capacitor_SMD.3dshapes/C_0603_1608Metric.wrl
      (at (xyz 0 0 0))
      (scale (xyz 1 1 1))
      (rotate (xyz 0 0 0))
    )
  )

  (module Capacitor_SMD:C_0603_1608Metric (layer F.Cu) (tedit 5B301BBE) (tstamp 5D44136A)
    (at 161.29 95.4025 270)
    (descr "Capacitor SMD 0603 (1608 Metric), square (rectangular) end terminal, IPC_7351 nominal, (Body size source: http://www.tortai-tech.com/upload/download/2011102023233369053.pdf), generated with kicad-footprint-generator")
    (tags capacitor)
    (path /5C900B8E)
    (attr smd)
    (fp_text reference C5 (at 2.3875 0) (layer F.SilkS)
      (effects (font (size 1 1) (thickness 0.15)))
    )
    (fp_text value 0.1µ (at 0 1.43 270) (layer F.Fab)
      (effects (font (size 1 1) (thickness 0.15)))
    )
    (fp_line (start 1.48 0.73) (end -1.48 0.73) (layer F.CrtYd) (width 0.05))
    (fp_line (start 1.48 -0.73) (end 1.48 0.73) (layer F.CrtYd) (width 0.05))
    (fp_line (start -1.48 -0.73) (end 1.48 -0.73) (layer F.CrtYd) (width 0.05))
    (fp_line (start -1.48 0.73) (end -1.48 -0.73) (layer F.CrtYd) (width 0.05))
    (fp_line (start -0.162779 0.51) (end 0.162779 0.51) (layer F.SilkS) (width 0.12))
    (fp_line (start -0.162779 -0.51) (end 0.162779 -0.51) (layer F.SilkS) (width 0.12))
    (fp_line (start 0.8 0.4) (end -0.8 0.4) (layer F.Fab) (width 0.1))
    (fp_line (start 0.8 -0.4) (end 0.8 0.4) (layer F.Fab) (width 0.1))
    (fp_line (start -0.8 -0.4) (end 0.8 -0.4) (layer F.Fab) (width 0.1))
    (fp_line (start -0.8 0.4) (end -0.8 -0.4) (layer F.Fab) (width 0.1))
    (fp_text user %R (at 0 0 270) (layer F.Fab)
      (effects (font (size 0.4 0.4) (thickness 0.06)))
    )
    (pad 1 smd roundrect (at -0.7875 0 270) (size 0.875 0.95) (layers F.Cu F.Paste F.Mask) (roundrect_rratio 0.25)
      (net 6 "Net-(C5-Pad1)"))
    (pad 2 smd roundrect (at 0.7875 0 270) (size 0.875 0.95) (layers F.Cu F.Paste F.Mask) (roundrect_rratio 0.25)
      (net 2 GND))
    (model ${KISYS3DMOD}/Capacitor_SMD.3dshapes/C_0603_1608Metric.wrl
      (at (xyz 0 0 0))
      (scale (xyz 1 1 1))
      (rotate (xyz 0 0 0))
    )
  )

  (module Capacitor_SMD:C_0603_1608Metric (layer F.Cu) (tedit 5B301BBE) (tstamp 5D44137B)
    (at 158.115 80.645 180)
    (descr "Capacitor SMD 0603 (1608 Metric), square (rectangular) end terminal, IPC_7351 nominal, (Body size source: http://www.tortai-tech.com/upload/download/2011102023233369053.pdf), generated with kicad-footprint-generator")
    (tags capacitor)
    (path /5C900C04)
    (attr smd)
    (fp_text reference C6 (at -2.54 0 180) (layer F.SilkS)
      (effects (font (size 1 1) (thickness 0.15)))
    )
    (fp_text value 0.1µ (at 0 1.43 180) (layer F.Fab)
      (effects (font (size 1 1) (thickness 0.15)))
    )
    (fp_line (start -0.8 0.4) (end -0.8 -0.4) (layer F.Fab) (width 0.1))
    (fp_line (start -0.8 -0.4) (end 0.8 -0.4) (layer F.Fab) (width 0.1))
    (fp_line (start 0.8 -0.4) (end 0.8 0.4) (layer F.Fab) (width 0.1))
    (fp_line (start 0.8 0.4) (end -0.8 0.4) (layer F.Fab) (width 0.1))
    (fp_line (start -0.162779 -0.51) (end 0.162779 -0.51) (layer F.SilkS) (width 0.12))
    (fp_line (start -0.162779 0.51) (end 0.162779 0.51) (layer F.SilkS) (width 0.12))
    (fp_line (start -1.48 0.73) (end -1.48 -0.73) (layer F.CrtYd) (width 0.05))
    (fp_line (start -1.48 -0.73) (end 1.48 -0.73) (layer F.CrtYd) (width 0.05))
    (fp_line (start 1.48 -0.73) (end 1.48 0.73) (layer F.CrtYd) (width 0.05))
    (fp_line (start 1.48 0.73) (end -1.48 0.73) (layer F.CrtYd) (width 0.05))
    (fp_text user %R (at 0 0 180) (layer F.Fab)
      (effects (font (size 0.4 0.4) (thickness 0.06)))
    )
    (pad 2 smd roundrect (at 0.7875 0 180) (size 0.875 0.95) (layers F.Cu F.Paste F.Mask) (roundrect_rratio 0.25)
      (net 2 GND))
    (pad 1 smd roundrect (at -0.7875 0 180) (size 0.875 0.95) (layers F.Cu F.Paste F.Mask) (roundrect_rratio 0.25)
      (net 7 "Net-(C6-Pad1)"))
    (model ${KISYS3DMOD}/Capacitor_SMD.3dshapes/C_0603_1608Metric.wrl
      (at (xyz 0 0 0))
      (scale (xyz 1 1 1))
      (rotate (xyz 0 0 0))
    )
  )

  (module Capacitor_SMD:C_1806_4516Metric (layer F.Cu) (tedit 5B301BBE) (tstamp 5D44138C)
    (at 151.67 86.995)
    (descr "Capacitor SMD 1806 (4516 Metric), square (rectangular) end terminal, IPC_7351 nominal, (Body size source: https://www.modelithics.com/models/Vendor/MuRata/BLM41P.pdf), generated with kicad-footprint-generator")
    (tags capacitor)
    (path /5C900A63)
    (attr smd)
    (fp_text reference D1 (at -3.08 -1.85) (layer F.SilkS)
      (effects (font (size 1 1) (thickness 0.15)))
    )
    (fp_text value 1n4001 (at 0 1.85) (layer F.Fab)
      (effects (font (size 1 1) (thickness 0.15)))
    )
    (fp_line (start 2.95 1.15) (end -2.95 1.15) (layer F.CrtYd) (width 0.05))
    (fp_line (start 2.95 -1.15) (end 2.95 1.15) (layer F.CrtYd) (width 0.05))
    (fp_line (start -2.95 -1.15) (end 2.95 -1.15) (layer F.CrtYd) (width 0.05))
    (fp_line (start -2.95 1.15) (end -2.95 -1.15) (layer F.CrtYd) (width 0.05))
    (fp_line (start -1.111252 0.91) (end 1.111252 0.91) (layer F.SilkS) (width 0.12))
    (fp_line (start -1.111252 -0.91) (end 1.111252 -0.91) (layer F.SilkS) (width 0.12))
    (fp_line (start 2.25 0.8) (end -2.25 0.8) (layer F.Fab) (width 0.1))
    (fp_line (start 2.25 -0.8) (end 2.25 0.8) (layer F.Fab) (width 0.1))
    (fp_line (start -2.25 -0.8) (end 2.25 -0.8) (layer F.Fab) (width 0.1))
    (fp_line (start -2.25 0.8) (end -2.25 -0.8) (layer F.Fab) (width 0.1))
    (fp_text user %R (at 0 0) (layer F.Fab)
      (effects (font (size 1 1) (thickness 0.15)))
    )
    (pad 1 smd roundrect (at -2 0) (size 1.4 1.8) (layers F.Cu F.Paste F.Mask) (roundrect_rratio 0.178571)
      (net 5 "Net-(C4-Pad1)"))
    (pad 2 smd roundrect (at 2 0) (size 1.4 1.8) (layers F.Cu F.Paste F.Mask) (roundrect_rratio 0.178571)
      (net 2 GND))
    (model ${KISYS3DMOD}/Capacitor_SMD.3dshapes/C_1806_4516Metric.wrl
      (at (xyz 0 0 0))
      (scale (xyz 1 1 1))
      (rotate (xyz 0 0 0))
    )
  )

  (module Capacitor_SMD:C_1806_4516Metric (layer F.Cu) (tedit 5B301BBE) (tstamp 5D44139D)
    (at 151.67 89.535 180)
    (descr "Capacitor SMD 1806 (4516 Metric), square (rectangular) end terminal, IPC_7351 nominal, (Body size source: https://www.modelithics.com/models/Vendor/MuRata/BLM41P.pdf), generated with kicad-footprint-generator")
    (tags capacitor)
    (path /5C900AD5)
    (attr smd)
    (fp_text reference D2 (at 0 -1.85 180) (layer F.SilkS)
      (effects (font (size 1 1) (thickness 0.15)))
    )
    (fp_text value 1n4001 (at 0 1.85 180) (layer F.Fab)
      (effects (font (size 1 1) (thickness 0.15)))
    )
    (fp_line (start -2.25 0.8) (end -2.25 -0.8) (layer F.Fab) (width 0.1))
    (fp_line (start -2.25 -0.8) (end 2.25 -0.8) (layer F.Fab) (width 0.1))
    (fp_line (start 2.25 -0.8) (end 2.25 0.8) (layer F.Fab) (width 0.1))
    (fp_line (start 2.25 0.8) (end -2.25 0.8) (layer F.Fab) (width 0.1))
    (fp_line (start -1.111252 -0.91) (end 1.111252 -0.91) (layer F.SilkS) (width 0.12))
    (fp_line (start -1.111252 0.91) (end 1.111252 0.91) (layer F.SilkS) (width 0.12))
    (fp_line (start -2.95 1.15) (end -2.95 -1.15) (layer F.CrtYd) (width 0.05))
    (fp_line (start -2.95 -1.15) (end 2.95 -1.15) (layer F.CrtYd) (width 0.05))
    (fp_line (start 2.95 -1.15) (end 2.95 1.15) (layer F.CrtYd) (width 0.05))
    (fp_line (start 2.95 1.15) (end -2.95 1.15) (layer F.CrtYd) (width 0.05))
    (fp_text user %R (at 0 0 180) (layer F.Fab)
      (effects (font (size 1 1) (thickness 0.15)))
    )
    (pad 2 smd roundrect (at 2 0 180) (size 1.4 1.8) (layers F.Cu F.Paste F.Mask) (roundrect_rratio 0.178571)
      (net 5 "Net-(C4-Pad1)"))
    (pad 1 smd roundrect (at -2 0 180) (size 1.4 1.8) (layers F.Cu F.Paste F.Mask) (roundrect_rratio 0.178571)
      (net 6 "Net-(C5-Pad1)"))
    (model ${KISYS3DMOD}/Capacitor_SMD.3dshapes/C_1806_4516Metric.wrl
      (at (xyz 0 0 0))
      (scale (xyz 1 1 1))
      (rotate (xyz 0 0 0))
    )
  )

  (module Connector_PinHeader_2.54mm:PinHeader_1x05_P2.54mm_Vertical (layer F.Cu) (tedit 59FED5CC) (tstamp 5D4413B6)
    (at 146.05 95.25 180)
    (descr "Through hole straight pin header, 1x05, 2.54mm pitch, single row")
    (tags "Through hole pin header THT 1x05 2.54mm single row")
    (path /5C90053A)
    (fp_text reference J1 (at 0 -2.33 180) (layer F.SilkS)
      (effects (font (size 1 1) (thickness 0.15)))
    )
    (fp_text value USB_A (at 0 12.49 180) (layer F.Fab)
      (effects (font (size 1 1) (thickness 0.15)))
    )
    (fp_line (start 1.8 -1.8) (end -1.8 -1.8) (layer F.CrtYd) (width 0.05))
    (fp_line (start 1.8 11.95) (end 1.8 -1.8) (layer F.CrtYd) (width 0.05))
    (fp_line (start -1.8 11.95) (end 1.8 11.95) (layer F.CrtYd) (width 0.05))
    (fp_line (start -1.8 -1.8) (end -1.8 11.95) (layer F.CrtYd) (width 0.05))
    (fp_line (start -1.33 -1.33) (end 0 -1.33) (layer F.SilkS) (width 0.12))
    (fp_line (start -1.33 0) (end -1.33 -1.33) (layer F.SilkS) (width 0.12))
    (fp_line (start -1.33 1.27) (end 1.33 1.27) (layer F.SilkS) (width 0.12))
    (fp_line (start 1.33 1.27) (end 1.33 11.49) (layer F.SilkS) (width 0.12))
    (fp_line (start -1.33 1.27) (end -1.33 11.49) (layer F.SilkS) (width 0.12))
    (fp_line (start -1.33 11.49) (end 1.33 11.49) (layer F.SilkS) (width 0.12))
    (fp_line (start -1.27 -0.635) (end -0.635 -1.27) (layer F.Fab) (width 0.1))
    (fp_line (start -1.27 11.43) (end -1.27 -0.635) (layer F.Fab) (width 0.1))
    (fp_line (start 1.27 11.43) (end -1.27 11.43) (layer F.Fab) (width 0.1))
    (fp_line (start 1.27 -1.27) (end 1.27 11.43) (layer F.Fab) (width 0.1))
    (fp_line (start -0.635 -1.27) (end 1.27 -1.27) (layer F.Fab) (width 0.1))
    (fp_text user %R (at 0 5.08 270) (layer F.Fab)
      (effects (font (size 1 1) (thickness 0.15)))
    )
    (pad 1 thru_hole rect (at 0 0 180) (size 1.7 1.7) (drill 1) (layers *.Cu *.Mask)
      (net 1 "Net-(C1-Pad1)"))
    (pad 2 thru_hole oval (at 0 2.54 180) (size 1.7 1.7) (drill 1) (layers *.Cu *.Mask)
      (net 11 "Net-(J1-Pad2)"))
    (pad 3 thru_hole oval (at 0 5.08 180) (size 1.7 1.7) (drill 1) (layers *.Cu *.Mask)
      (net 12 "Net-(J1-Pad3)"))
    (pad 4 thru_hole oval (at 0 7.62 180) (size 1.7 1.7) (drill 1) (layers *.Cu *.Mask)
      (net 2 GND))
    (pad 5 thru_hole oval (at 0 10.16 180) (size 1.7 1.7) (drill 1) (layers *.Cu *.Mask)
      (net 2 GND))
    (model ${KISYS3DMOD}/Connector_PinHeader_2.54mm.3dshapes/PinHeader_1x05_P2.54mm_Vertical.wrl
      (at (xyz 0 0 0))
      (scale (xyz 1 1 1))
      (rotate (xyz 0 0 0))
    )
  )

  (module Connector_PinHeader_2.54mm:PinHeader_1x02_P2.54mm_Vertical (layer F.Cu) (tedit 59FED5CC) (tstamp 5D4413CC)
    (at 156.845 83.185 90)
    (descr "Through hole straight pin header, 1x02, 2.54mm pitch, single row")
    (tags "Through hole pin header THT 1x02 2.54mm single row")
    (path /5C900D96)
    (fp_text reference J2 (at -2.54 2.54 180) (layer F.SilkS)
      (effects (font (size 1 1) (thickness 0.15)))
    )
    (fp_text value Conn_01x02_Male (at 0 4.87 90) (layer F.Fab)
      (effects (font (size 1 1) (thickness 0.15)))
    )
    (fp_line (start 1.8 -1.8) (end -1.8 -1.8) (layer F.CrtYd) (width 0.05))
    (fp_line (start 1.8 4.35) (end 1.8 -1.8) (layer F.CrtYd) (width 0.05))
    (fp_line (start -1.8 4.35) (end 1.8 4.35) (layer F.CrtYd) (width 0.05))
    (fp_line (start -1.8 -1.8) (end -1.8 4.35) (layer F.CrtYd) (width 0.05))
    (fp_line (start -1.33 -1.33) (end 0 -1.33) (layer F.SilkS) (width 0.12))
    (fp_line (start -1.33 0) (end -1.33 -1.33) (layer F.SilkS) (width 0.12))
    (fp_line (start -1.33 1.27) (end 1.33 1.27) (layer F.SilkS) (width 0.12))
    (fp_line (start 1.33 1.27) (end 1.33 3.87) (layer F.SilkS) (width 0.12))
    (fp_line (start -1.33 1.27) (end -1.33 3.87) (layer F.SilkS) (width 0.12))
    (fp_line (start -1.33 3.87) (end 1.33 3.87) (layer F.SilkS) (width 0.12))
    (fp_line (start -1.27 -0.635) (end -0.635 -1.27) (layer F.Fab) (width 0.1))
    (fp_line (start -1.27 3.81) (end -1.27 -0.635) (layer F.Fab) (width 0.1))
    (fp_line (start 1.27 3.81) (end -1.27 3.81) (layer F.Fab) (width 0.1))
    (fp_line (start 1.27 -1.27) (end 1.27 3.81) (layer F.Fab) (width 0.1))
    (fp_line (start -0.635 -1.27) (end 1.27 -1.27) (layer F.Fab) (width 0.1))
    (fp_text user %R (at 0 1.27 180) (layer F.Fab)
      (effects (font (size 1 1) (thickness 0.15)))
    )
    (pad 1 thru_hole rect (at 0 0 90) (size 1.7 1.7) (drill 1) (layers *.Cu *.Mask)
      (net 2 GND))
    (pad 2 thru_hole oval (at 0 2.54 90) (size 1.7 1.7) (drill 1) (layers *.Cu *.Mask)
      (net 7 "Net-(C6-Pad1)"))
    (model ${KISYS3DMOD}/Connector_PinHeader_2.54mm.3dshapes/PinHeader_1x02_P2.54mm_Vertical.wrl
      (at (xyz 0 0 0))
      (scale (xyz 1 1 1))
      (rotate (xyz 0 0 0))
    )
  )

  (module Inductor_THT:L_Radial_D6.0mm_P4.00mm (layer F.Cu) (tedit 5AE59B06) (tstamp 5D4413D7)
    (at 153.67 82.55 180)
    (descr "Inductor, Radial series, Radial, pin pitch=4.00mm, , diameter=6.0mm, http://www.abracon.com/Magnetics/radial/AIUR-07.pdf")
    (tags "Inductor Radial series Radial pin pitch 4.00mm  diameter 6.0mm")
    (path /5C90086A)
    (fp_text reference L1 (at 5.715 2.54 180) (layer F.SilkS)
      (effects (font (size 1 1) (thickness 0.15)))
    )
    (fp_text value 18µh (at 2 4.25 180) (layer F.Fab)
      (effects (font (size 1 1) (thickness 0.15)))
    )
    (fp_circle (center 2 0) (end 5.49 0) (layer F.CrtYd) (width 0.05))
    (fp_circle (center 2 0) (end 5 0) (layer F.Fab) (width 0.1))
    (fp_arc (start 2 0) (end -0.85426 -1.26) (angle 132.362317) (layer F.SilkS) (width 0.12))
    (fp_arc (start 2 0) (end -0.85426 1.26) (angle -132.362317) (layer F.SilkS) (width 0.12))
    (fp_text user %R (at 2 0 180) (layer F.Fab)
      (effects (font (size 1 1) (thickness 0.15)))
    )
    (pad 1 thru_hole circle (at 0 0 180) (size 2 2) (drill 1) (layers *.Cu *.Mask)
      (net 4 "Net-(C3-Pad1)"))
    (pad 2 thru_hole circle (at 4 0 180) (size 2 2) (drill 1) (layers *.Cu *.Mask)
      (net 8 "Net-(L1-Pad2)"))
    (model ${KISYS3DMOD}/Inductor_THT.3dshapes/L_Radial_D6.0mm_P4.00mm.wrl
      (at (xyz 0 0 0))
      (scale (xyz 1 1 1))
      (rotate (xyz 0 0 0))
    )
  )

  (module Potentiometer_SMD:Potentiometer_Bourns_3314J_Vertical (layer F.Cu) (tedit 5A81E1D7) (tstamp 5D441400)
    (at 156.845 93.345)
    (descr "Potentiometer, vertical, Bourns 3314J, http://www.bourns.com/docs/Product-Datasheets/3314.pdf")
    (tags "Potentiometer vertical Bourns 3314J")
    (path /5C9007C0)
    (attr smd)
    (fp_text reference RV1 (at 0 3.81) (layer F.SilkS)
      (effects (font (size 1 1) (thickness 0.15)))
    )
    (fp_text value 10k (at 0 4.25) (layer F.Fab)
      (effects (font (size 1 1) (thickness 0.15)))
    )
    (fp_line (start 2.5 -3.25) (end -2.5 -3.25) (layer F.CrtYd) (width 0.05))
    (fp_line (start 2.5 3.25) (end 2.5 -3.25) (layer F.CrtYd) (width 0.05))
    (fp_line (start -2.5 3.25) (end 2.5 3.25) (layer F.CrtYd) (width 0.05))
    (fp_line (start -2.5 -3.25) (end -2.5 3.25) (layer F.CrtYd) (width 0.05))
    (fp_line (start 2.37 -2.37) (end 2.37 2.37) (layer F.SilkS) (width 0.12))
    (fp_line (start -2.37 -2.37) (end -2.37 2.37) (layer F.SilkS) (width 0.12))
    (fp_line (start 1.24 2.37) (end 2.37 2.37) (layer F.SilkS) (width 0.12))
    (fp_line (start -2.37 2.37) (end -1.24 2.37) (layer F.SilkS) (width 0.12))
    (fp_line (start -0.259 -2.37) (end 0.26 -2.37) (layer F.SilkS) (width 0.12))
    (fp_line (start -2.37 -2.37) (end -2.039 -2.37) (layer F.SilkS) (width 0.12))
    (fp_line (start 2.04 -2.37) (end 2.37 -2.37) (layer F.SilkS) (width 0.12))
    (fp_line (start 0 0.99) (end 0.001 -0.989) (layer F.Fab) (width 0.1))
    (fp_line (start 0 0.99) (end 0.001 -0.989) (layer F.Fab) (width 0.1))
    (fp_line (start 2.25 -2.25) (end -2.25 -2.25) (layer F.Fab) (width 0.1))
    (fp_line (start 2.25 2.25) (end 2.25 -2.25) (layer F.Fab) (width 0.1))
    (fp_line (start -2.25 2.25) (end 2.25 2.25) (layer F.Fab) (width 0.1))
    (fp_line (start -2.25 -2.25) (end -2.25 2.25) (layer F.Fab) (width 0.1))
    (fp_circle (center 0 0) (end 1 0) (layer F.Fab) (width 0.1))
    (fp_text user %R (at 0 -1.7) (layer F.Fab)
      (effects (font (size 0.63 0.63) (thickness 0.15)))
    )
    (pad 1 smd rect (at 1.15 -2) (size 1.3 2) (layers F.Cu F.Paste F.Mask)
      (net 3 "Net-(C2-Pad1)"))
    (pad 2 smd rect (at 0 2) (size 2 2) (layers F.Cu F.Paste F.Mask)
      (net 9 "Net-(RV1-Pad2)"))
    (pad 3 smd rect (at -1.15 -2) (size 1.3 2) (layers F.Cu F.Paste F.Mask)
      (net 9 "Net-(RV1-Pad2)"))
    (model ${KISYS3DMOD}/Potentiometer_SMD.3dshapes/Potentiometer_Bourns_3314J_Vertical.wrl
      (at (xyz 0 0 0))
      (scale (xyz 1 1 1))
      (rotate (xyz 0 0 0))
    )
  )

  (module Package_SO:SOIC-14_3.9x8.7mm_P1.27mm (layer B.Cu) (tedit 5C97300E) (tstamp 5D441420)
    (at 156.323747 93.693625 180)
    (descr "SOIC, 14 Pin (JEDEC MS-012AB, https://www.analog.com/media/en/package-pcb-resources/package/pkg_pdf/soic_narrow-r/r_14.pdf), generated with kicad-footprint-generator ipc_gullwing_generator.py")
    (tags "SOIC SO")
    (path /5C8FFD49)
    (attr smd)
    (fp_text reference U1 (at 4.558747 -0.286375 180) (layer B.SilkS)
      (effects (font (size 1 1) (thickness 0.15)) (justify mirror))
    )
    (fp_text value 74HC14 (at 0 -5.28 180) (layer B.Fab)
      (effects (font (size 1 1) (thickness 0.15)) (justify mirror))
    )
    (fp_line (start 3.7 4.58) (end -3.7 4.58) (layer B.CrtYd) (width 0.05))
    (fp_line (start 3.7 -4.58) (end 3.7 4.58) (layer B.CrtYd) (width 0.05))
    (fp_line (start -3.7 -4.58) (end 3.7 -4.58) (layer B.CrtYd) (width 0.05))
    (fp_line (start -3.7 4.58) (end -3.7 -4.58) (layer B.CrtYd) (width 0.05))
    (fp_line (start -1.95 3.35) (end -0.975 4.325) (layer B.Fab) (width 0.1))
    (fp_line (start -1.95 -4.325) (end -1.95 3.35) (layer B.Fab) (width 0.1))
    (fp_line (start 1.95 -4.325) (end -1.95 -4.325) (layer B.Fab) (width 0.1))
    (fp_line (start 1.95 4.325) (end 1.95 -4.325) (layer B.Fab) (width 0.1))
    (fp_line (start -0.975 4.325) (end 1.95 4.325) (layer B.Fab) (width 0.1))
    (fp_line (start 0 4.435) (end -3.45 4.435) (layer B.SilkS) (width 0.12))
    (fp_line (start 0 4.435) (end 1.95 4.435) (layer B.SilkS) (width 0.12))
    (fp_line (start 0 -4.435) (end -1.95 -4.435) (layer B.SilkS) (width 0.12))
    (fp_line (start 0 -4.435) (end 1.95 -4.435) (layer B.SilkS) (width 0.12))
    (fp_text user %R (at 0 0 180) (layer B.Fab)
      (effects (font (size 0.98 0.98) (thickness 0.15)) (justify mirror))
    )
    (pad 1 smd roundrect (at -2.475 3.81 180) (size 1.95 0.6) (layers B.Cu B.Paste B.Mask) (roundrect_rratio 0.25)
      (net 3 "Net-(C2-Pad1)"))
    (pad 2 smd roundrect (at -2.475 2.54 180) (size 1.95 0.6) (layers B.Cu B.Paste B.Mask) (roundrect_rratio 0.25)
      (net 9 "Net-(RV1-Pad2)"))
    (pad 3 smd roundrect (at -2.475 1.27 180) (size 1.95 0.6) (layers B.Cu B.Paste B.Mask) (roundrect_rratio 0.25)
      (net 9 "Net-(RV1-Pad2)"))
    (pad 4 smd roundrect (at -2.475 0 180) (size 1.95 0.6) (layers B.Cu B.Paste B.Mask) (roundrect_rratio 0.25)
      (net 10 "Net-(U1-Pad11)"))
    (pad 5 smd roundrect (at -2.475 -1.27 180) (size 1.95 0.6) (layers B.Cu B.Paste B.Mask) (roundrect_rratio 0.25)
      (net 10 "Net-(U1-Pad11)"))
    (pad 6 smd roundrect (at -2.475 -2.54 180) (size 1.95 0.6) (layers B.Cu B.Paste B.Mask) (roundrect_rratio 0.25)
      (net 8 "Net-(L1-Pad2)"))
    (pad 7 smd roundrect (at -2.475 -3.81 180) (size 1.95 0.6) (layers B.Cu B.Paste B.Mask) (roundrect_rratio 0.25)
      (net 2 GND))
    (pad 8 smd roundrect (at 2.475 -3.81 180) (size 1.95 0.6) (layers B.Cu B.Paste B.Mask) (roundrect_rratio 0.25)
      (net 8 "Net-(L1-Pad2)"))
    (pad 9 smd roundrect (at 2.475 -2.54 180) (size 1.95 0.6) (layers B.Cu B.Paste B.Mask) (roundrect_rratio 0.25)
      (net 10 "Net-(U1-Pad11)"))
    (pad 10 smd roundrect (at 2.475 -1.27 180) (size 1.95 0.6) (layers B.Cu B.Paste B.Mask) (roundrect_rratio 0.25)
      (net 8 "Net-(L1-Pad2)"))
    (pad 11 smd roundrect (at 2.475 0 180) (size 1.95 0.6) (layers B.Cu B.Paste B.Mask) (roundrect_rratio 0.25)
      (net 10 "Net-(U1-Pad11)"))
    (pad 12 smd roundrect (at 2.475 1.27 180) (size 1.95 0.6) (layers B.Cu B.Paste B.Mask) (roundrect_rratio 0.25)
      (net 8 "Net-(L1-Pad2)"))
    (pad 13 smd roundrect (at 2.475 2.54 180) (size 1.95 0.6) (layers B.Cu B.Paste B.Mask) (roundrect_rratio 0.25)
      (net 10 "Net-(U1-Pad11)"))
    (pad 14 smd roundrect (at 2.475 3.81 180) (size 1.95 0.6) (layers B.Cu B.Paste B.Mask) (roundrect_rratio 0.25)
      (net 1 "Net-(C1-Pad1)"))
    (model ${KISYS3DMOD}/Package_SO.3dshapes/SOIC-14_3.9x8.7mm_P1.27mm.wrl
      (at (xyz 0 0 0))
      (scale (xyz 1 1 1))
      (rotate (xyz 0 0 0))
    )
  )

  (target plus (at 149.86 97.155) (size 5) (width 0.15) (layer Edge.Cuts))
  (dimension 18.415 (width 0.3) (layer Eco1.User)
    (gr_text "18.415 mm" (at 153.3525 73.465) (layer Eco1.User)
      (effects (font (size 1.5 1.5) (thickness 0.3)))
    )
    (feature1 (pts (xy 144.145 78.105) (xy 144.145 74.978579)))
    (feature2 (pts (xy 162.56 78.105) (xy 162.56 74.978579)))
    (crossbar (pts (xy 162.56 75.565) (xy 144.145 75.565)))
    (arrow1a (pts (xy 144.145 75.565) (xy 145.271504 74.978579)))
    (arrow1b (pts (xy 144.145 75.565) (xy 145.271504 76.151421)))
    (arrow2a (pts (xy 162.56 75.565) (xy 161.433496 74.978579)))
    (arrow2b (pts (xy 162.56 75.565) (xy 161.433496 76.151421)))
  )
  (dimension 20.32 (width 0.3) (layer Eco1.User)
    (gr_text "20.320 mm" (at 167.2 88.9 270) (layer Eco1.User)
      (effects (font (size 1.5 1.5) (thickness 0.3)))
    )
    (feature1 (pts (xy 163.83 99.06) (xy 165.686421 99.06)))
    (feature2 (pts (xy 163.83 78.74) (xy 165.686421 78.74)))
    (crossbar (pts (xy 165.1 78.74) (xy 165.1 99.06)))
    (arrow1a (pts (xy 165.1 99.06) (xy 164.513579 97.933496)))
    (arrow1b (pts (xy 165.1 99.06) (xy 165.686421 97.933496)))
    (arrow2a (pts (xy 165.1 78.74) (xy 164.513579 79.866504)))
    (arrow2b (pts (xy 165.1 78.74) (xy 165.686421 79.866504)))
  )
  (gr_line (start 144.145 78.74) (end 162.56 78.74) (layer Edge.Cuts) (width 0.15))
  (gr_line (start 144.145 99.06) (end 144.145 78.74) (layer Edge.Cuts) (width 0.15))
  (gr_line (start 162.56 99.06) (end 144.145 99.06) (layer Edge.Cuts) (width 0.15))
  (gr_line (start 162.56 78.74) (end 162.56 99.06) (layer Edge.Cuts) (width 0.15))

  (via (at 148.832713 91.113171) (size 0.8) (drill 0.4) (layers F.Cu B.Cu) (net 1))
  (segment (start 150.062259 89.883625) (end 148.832713 91.113171) (width 0.25) (layer B.Cu) (net 1))
  (segment (start 153.848747 89.883625) (end 150.062259 89.883625) (width 0.25) (layer B.Cu) (net 1))
  (via (at 148.59 93.345) (size 0.8) (drill 0.4) (layers F.Cu B.Cu) (net 1))
  (segment (start 148.832713 93.102287) (end 148.59 93.345) (width 0.25) (layer F.Cu) (net 1))
  (segment (start 148.832713 91.113171) (end 148.832713 93.102287) (width 0.25) (layer F.Cu) (net 1))
  (segment (start 146.685 95.25) (end 146.05 95.25) (width 0.25) (layer B.Cu) (net 1))
  (segment (start 148.59 93.345) (end 146.685 95.25) (width 0.25) (layer B.Cu) (net 1))
  (segment (start 153.848747 88.348625) (end 153.783747 88.283625) (width 0.25) (layer B.Cu) (net 1))
  (segment (start 153.848747 89.883625) (end 153.848747 88.348625) (width 0.25) (layer B.Cu) (net 1))
  (segment (start 155.688747 87.978625) (end 155.688747 86.073625) (width 0.25) (layer B.Cu) (net 2))
  (segment (start 154.418747 86.073625) (end 153.783747 86.708625) (width 0.25) (layer B.Cu) (net 2))
  (segment (start 155.688747 86.073625) (end 154.418747 86.073625) (width 0.25) (layer B.Cu) (net 2))
  (segment (start 155.688747 86.073625) (end 155.688747 84.976253) (width 0.25) (layer B.Cu) (net 2))
  (segment (start 156.845 84.285) (end 156.845 83.185) (width 0.25) (layer B.Cu) (net 2))
  (segment (start 156.153747 84.976253) (end 156.845 84.285) (width 0.25) (layer B.Cu) (net 2))
  (segment (start 155.688747 84.976253) (end 156.153747 84.976253) (width 0.25) (layer B.Cu) (net 2))
  (segment (start 146.971375 86.708625) (end 146.05 87.63) (width 0.25) (layer B.Cu) (net 2))
  (segment (start 146.05 86.292081) (end 146.05 87.63) (width 0.25) (layer B.Cu) (net 2))
  (segment (start 146.05 85.09) (end 146.05 86.292081) (width 0.25) (layer B.Cu) (net 2))
  (via (at 151.765 86.708625) (size 0.8) (drill 0.4) (layers F.Cu B.Cu) (net 2))
  (segment (start 153.783747 86.708625) (end 151.765 86.708625) (width 0.25) (layer B.Cu) (net 2))
  (segment (start 151.765 86.708625) (end 146.971375 86.708625) (width 0.25) (layer B.Cu) (net 2))
  (segment (start 153.383625 86.708625) (end 153.67 86.995) (width 0.25) (layer F.Cu) (net 2))
  (segment (start 151.765 86.708625) (end 153.383625 86.708625) (width 0.25) (layer F.Cu) (net 2))
  (segment (start 160.828388 96.651612) (end 161.29 96.19) (width 0.25) (layer F.Cu) (net 2))
  (segment (start 151.765 86.708625) (end 151.765 94.615) (width 0.25) (layer F.Cu) (net 2))
  (segment (start 154.305 97.155) (end 160.325 97.155) (width 0.25) (layer F.Cu) (net 2))
  (segment (start 151.765 94.615) (end 154.305 97.155) (width 0.25) (layer F.Cu) (net 2))
  (via (at 160.655 97.79) (size 0.8) (drill 0.4) (layers F.Cu B.Cu) (net 2))
  (segment (start 160.655 96.825) (end 160.655 97.79) (width 0.25) (layer F.Cu) (net 2))
  (segment (start 160.325 97.155) (end 160.655 96.825) (width 0.25) (layer F.Cu) (net 2))
  (segment (start 160.655 96.825) (end 160.828388 96.651612) (width 0.25) (layer F.Cu) (net 2))
  (segment (start 159.085122 97.79) (end 158.798747 97.503625) (width 0.25) (layer B.Cu) (net 2))
  (segment (start 160.655 97.79) (end 159.085122 97.79) (width 0.25) (layer B.Cu) (net 2))
  (via (at 156.21 81.28) (size 0.8) (drill 0.4) (layers F.Cu B.Cu) (net 2))
  (segment (start 156.845 80.645) (end 156.21 81.28) (width 0.25) (layer F.Cu) (net 2))
  (segment (start 157.3275 80.645) (end 156.845 80.645) (width 0.25) (layer F.Cu) (net 2))
  (segment (start 156.21 82.55) (end 156.845 83.185) (width 0.25) (layer B.Cu) (net 2))
  (segment (start 156.21 81.28) (end 156.21 82.55) (width 0.25) (layer B.Cu) (net 2))
  (segment (start 157.263747 86.073625) (end 158.463625 86.073625) (width 0.25) (layer B.Cu) (net 3))
  (segment (start 158.798747 86.408747) (end 158.798747 89.883625) (width 0.25) (layer B.Cu) (net 3))
  (segment (start 158.463625 86.073625) (end 158.798747 86.408747) (width 0.25) (layer B.Cu) (net 3))
  (segment (start 157.193625 89.883625) (end 156.845 89.535) (width 0.25) (layer B.Cu) (net 3))
  (via (at 156.845 89.535) (size 0.8) (drill 0.4) (layers F.Cu B.Cu) (net 3))
  (segment (start 158.798747 89.883625) (end 157.193625 89.883625) (width 0.25) (layer B.Cu) (net 3))
  (segment (start 157.095 91.345) (end 157.995 91.345) (width 0.25) (layer F.Cu) (net 3))
  (segment (start 156.845 91.095) (end 157.095 91.345) (width 0.25) (layer F.Cu) (net 3))
  (segment (start 156.845 89.535) (end 156.845 91.095) (width 0.25) (layer F.Cu) (net 3))
  (via (at 154.305 84.455) (size 0.8) (drill 0.4) (layers F.Cu B.Cu) (net 4))
  (segment (start 154.305 85.019878) (end 154.305 84.455) (width 0.25) (layer F.Cu) (net 4))
  (segment (start 154.305 83.185) (end 153.67 82.55) (width 0.25) (layer B.Cu) (net 4))
